836
0 3 11 3
0 4 11 4
0 6 11 6
0 7 3 7
0 8 10 8
0 9 10 9
0 10 7 10
0 11 8 11
0 12 4 12
0 13 8 13
0 16 4 16
0 17 11 17
0 19 5 20
0 21 11 21
0 23 8 23
0 24 11 24
0 25 11 25
0 26 8 26
0 27 11 27
0 28 8 28
0 34 4 34
0 35 10 35
0 36 10 36
0 38 11 38
0 40 10 40
0 41 11 41
0 42 7 42
0 43 11 43
0 44 11 44
0 45 6 45
0 46 2 47
0 48 11 48
0 49 8 49
0 50 11 50
0 51 9 51
0 53 6 53
0 55 5 55
0 56 6 56
0 58 5 58
0 59 8 59
0 29 5 30
2 14 7 15
2 37 13 37
2 57 13 57
3 18 14 18
3 33 14 33
3 46 13 46
3 54 14 54
4 1 9 2
4 7 15 7
4 32 15 32
4 47 15 47
5 5 16 5
5 12 11 12
5 16 16 16
5 22 16 22
5 34 11 34
6 0 17 0
6 19 17 19
6 29 17 29
6 55 17 55
6 58 17 58
7 45 18 45
7 53 16 53
7 56 11 56
8 10 19 10
8 31 19 31
8 42 19 42
8 52 19 52
9 11 17 11
9 13 20 13
9 23 20 23
9 26 20 26
9 28 20 28
9 49 18 49
9 59 17 59
10 1 21 1
10 51 21 51
11 8 17 8
11 9 19 9
11 35 17 35
11 36 22 36
11 40 22 40
12 4 23 4
12 12 23 12
12 21 23 21
12 25 23 25
12 30 23 30
12 34 23 34
12 44 23 44
12 56 21 56
13 6 24 6
14 2 25 2
14 20 25 20
14 46 25 46
14 57 23 57
15 18 23 18
15 33 26 33
15 54 25 54
16 37 27 37
16 41 27 41
17 5 25 5
17 14 22 15
17 24 28 24
17 53 19 53
18 7 21 8
18 0 29 0
18 11 23 11
18 19 27 19
18 35 29 35
18 55 29 55
18 58 29 58
18 59 29 59
19 49 26 49
20 9 31 9
20 39 31 39
20 43 31 43
20 48 31 48
20 52 31 52
20 53 28 53
22 7 27 8
22 22 33 22
22 56 29 56
23 10 34 10
23 15 28 16
23 14 31 14
23 28 34 28
23 36 34 36
23 42 34 42
24 11 28 12
24 4 32 4
24 18 35 18
24 25 31 25
24 26 35 26
24 57 30 57
25 21 36 21
26 1 31 2
26 5 30 6
26 20 36 20
26 23 37 23
26 29 31 30
26 54 37 54
27 38 38 38
27 49 33 49
27 50 38 50
28 7 30 8
28 3 39 3
28 19 39 19
28 32 39 32
28 37 34 37
28 41 36 41
29 16 34 17
29 12 36 12
29 24 40 24
29 27 40 27
29 47 40 47
29 53 40 53
30 0 37 0
30 55 41 55
30 56 41 56
30 58 35 59
31 5 33 8
31 33 36 34
31 40 42 40
31 57 42 57
32 1 35 2
32 14 41 14
32 25 39 25
32 43 42 43
32 48 43 48
32 51 37 52
33 4 40 4
34 5 37 7
34 8 40 8
34 29 45 29
34 35 45 35
34 49 45 49
35 10 39 11
35 16 43 16
35 17 43 17
35 36 44 36
35 37 40 37
35 42 44 42
36 1 39 2
36 26 44 26
36 30 47 30
36 45 47 45
37 20 42 21
37 12 48 12
37 18 48 18
37 33 47 33
37 34 47 34
37 41 48 41
37 44 48 44
37 46 48 46
38 5 40 7
38 0 44 0
38 22 43 23
38 15 49 15
39 50 46 50
40 2 45 3
40 1 47 1
40 10 50 10
40 25 44 25
41 4 42 9
41 24 50 24
41 27 51 27
41 37 52 37
41 47 46 47
41 54 52 54
42 13 46 14
42 38 47 39
42 53 53 53
43 4 44 9
43 19 46 21
43 31 54 31
43 32 54 32
43 43 50 43
43 52 54 52
43 58 54 58
43 55 46 57
44 16 47 17
44 11 55 11
45 4 46 9
45 0 56 0
45 25 50 26
45 36 50 36
45 42 50 42
45 51 56 51
46 2 49 3
46 28 51 29
47 4 47 9
47 19 50 21
47 13 57 13
47 47 52 48
47 49 52 50
47 55 58 55
47 57 58 57
48 4 49 9
48 16 52 17
48 1 58 1
48 33 50 35
48 38 49 40
49 41 57 41
49 44 50 46
50 2 50 9
50 38 57 38
51 2 53 5
51 19 54 21
51 9 56 10
51 33 56 34
51 35 55 36
51 24 62 24
51 25 62 25
51 26 61 26
51 42 53 45
51 46 62 46
52 27 53 30
52 6 63 6
53 14 55 17
53 37 62 37
53 47 58 48
54 2 56 5
54 27 55 30
54 12 65 12
54 43 61 43
54 45 65 45
55 18 57 21
55 31 56 32
55 40 66 40
55 50 66 50
55 52 63 52
56 27 57 30
56 11 62 11
56 17 64 17
56 35 60 36
56 42 67 42
56 56 67 56
57 2 58 5
57 7 59 10
57 31 58 34
57 44 68 44
57 51 68 51
58 18 58 23
58 27 60 30
58 13 62 14
58 38 60 39
58 41 65 41
58 54 69 54
59 0 60 5
59 18 62 20
59 32 63 33
59 21 66 21
59 31 70 31
60 8 71 8
60 10 67 10
60 53 71 53
60 55 71 55
60 59 71 59
61 4 65 5
61 34 62 36
61 28 66 29
61 0 71 0
61 2 69 2
61 3 72 3
61 15 72 15
61 38 71 38
61 39 72 39
62 26 66 27
62 43 73 43
62 57 67 58
63 34 65 37
63 13 68 14
63 18 68 19
63 7 74 7
63 11 74 11
63 20 71 20
63 25 71 25
64 1 75 1
64 32 69 33
64 6 71 6
64 52 70 52
65 9 76 9
65 17 74 17
65 48 76 48
66 34 69 36
66 4 72 4
66 12 73 12
66 45 71 46
66 30 77 30
66 37 77 37
66 41 77 41
66 49 77 49
67 26 70 28
67 21 78 21
67 50 78 50
68 10 79 10
68 40 79 40
68 56 77 56
68 57 77 57
69 18 73 19
69 14 78 14
69 44 78 44
70 33 72 36
70 23 75 24
70 2 77 2
70 22 81 22
71 26 82 26
71 28 78 28
71 31 78 31
71 51 76 52
71 47 82 47
72 0 83 0
72 6 83 6
72 20 83 20
72 45 77 46
72 53 74 55
72 25 83 25
72 32 83 32
72 38 79 38
72 59 82 59
73 3 76 5
73 33 74 36
73 15 78 16
73 39 76 39
74 12 77 13
74 18 75 19
74 29 85 29
74 43 85 43
75 33 79 34
75 11 86 11
75 17 82 17
75 53 77 55
76 35 81 36
76 8 87 8
76 19 83 19
76 23 85 23
76 24 87 24
77 39 85 39
77 51 87 51
78 1 80 4
78 52 79 57
78 13 88 13
78 45 82 46
78 30 82 30
78 41 86 41
79 14 81 16
79 28 88 28
79 31 89 31
79 44 86 44
80 33 84 34
80 37 84 38
80 52 83 54
80 10 90 10
80 40 88 40
80 55 91 55
80 57 89 57
81 1 92 1
81 2 90 2
81 3 91 3
81 9 92 9
82 14 93 14
82 16 89 16
82 56 93 56
83 45 86 47
83 17 90 17
83 21 94 21
83 26 94 26
83 30 94 30
83 59 94 59
84 4 86 7
84 18 86 20
84 52 87 54
84 15 95 15
84 25 90 25
84 32 94 32
85 36 88 38
85 34 94 34
86 22 97 22
86 23 97 23
86 39 97 39
86 42 97 42
86 43 97 43
87 44 89 47
87 18 91 19
87 20 95 20
87 35 98 35
87 41 98 41
88 7 93 8
88 6 99 6
88 52 93 53
88 24 92 24
88 49 99 49
88 51 97 51
88 58 99 58
89 27 90 29
89 12 94 13
89 37 93 38
89 40 98 40
89 54 100 54
90 44 93 46
90 16 98 16
90 31 94 31
90 57 101 57
91 10 94 11
91 2 102 2
91 47 96 48
91 17 100 17
91 25 102 25
91 27 100 27
91 28 102 28
92 3 101 3
92 18 103 18
92 50 103 50
93 0 98 1
93 9 99 9
93 24 104 24
94 7 97 8
94 44 96 46
94 37 99 38
94 4 105 4
94 29 105 29
94 36 105 36
94 52 102 52
94 53 105 53
94 56 100 56
95 10 96 14
95 30 96 34
95 21 106 21
95 26 99 26
95 59 100 59
96 19 101 20
97 13 102 14
97 30 101 31
97 11 108 11
97 33 108 33
97 44 105 44
97 46 106 46
98 7 103 8
98 22 103 23
98 42 107 42
98 51 109 51
99 39 102 41
99 34 103 35
99 16 110 16
99 43 110 43
99 48 110 48
99 55 110 55
100 9 105 10
100 37 105 38
100 6 106 6
100 26 108 26
100 49 109 49
100 58 102 58
101 17 112 17
101 27 110 27
101 32 112 32
101 47 112 47
101 56 110 56
101 59 112 59
102 3 106 3
102 31 113 31
102 57 110 57
103 19 114 19
103 25 112 25
103 28 110 28
103 52 114 52
103 58 107 58
104 7 106 8
104 1 115 1
104 13 115 13
104 20 115 20
104 34 112 34
105 5 116 5
106 4 116 4
106 12 117 12
106 29 117 29
106 38 115 38
106 44 114 44
107 6 109 9
107 2 112 3
107 21 118 21
107 35 118 35
107 41 118 41
107 46 118 46
107 53 118 53
108 0 119 0
108 18 119 18
108 23 119 23
108 39 119 39
108 42 118 42
108 58 112 58
109 11 118 11
109 26 118 26
110 6 112 9
110 14 121 14
110 49 121 49
110 51 121 51
111 54 112 57
111 15 116 16
111 27 116 28
111 43 118 43
111 48 122 48
112 33 123 33
112 37 123 37
113 54 114 59
113 6 116 8
113 17 124 17
113 25 124 25
113 34 124 34
113 47 120 47
114 9 125 9
115 44 118 45
115 54 119 55
115 57 120 58
115 10 126 10
115 19 125 19
115 52 121 52
115 59 126 59
116 1 124 1
116 13 121 13
116 20 122 20
116 38 123 38
117 2 117 8
117 15 122 16
117 32 128 32
117 40 128 40
118 5 120 8
118 12 128 12
118 28 129 28
118 36 129 36
119 41 121 44
119 26 124 27
119 45 122 46
119 11 128 11
119 30 130 30
119 35 124 35
119 50 130 50
120 53 123 55
120 0 128 0
120 2 131 2
120 18 128 18
120 21 131 21
120 31 131 31
121 5 124 7
121 57 125 58
121 8 129 8
121 47 128 47
122 41 125 43
122 13 124 14
122 51 124 52
122 3 133 3
123 44 128 45
123 15 134 15
123 20 134 20
123 29 134 29
123 39 134 39
123 48 130 48
124 53 127 55
124 37 128 38
125 4 127 7
125 22 127 25
125 33 128 35
125 51 129 52
125 1 136 1
125 14 133 14
125 17 132 17
125 56 136 56
126 41 129 43
126 9 131 9
126 19 137 19
126 46 137 46
126 57 133 57
127 16 138 16
127 59 136 59
128 22 129 27
128 4 132 5
128 54 138 54
128 55 135 55
129 34 133 35
129 37 133 38
129 44 134 45
129 0 140 0
129 11 140 11
129 12 140 12
129 18 135 18
129 40 138 40
129 47 139 47
130 23 131 28
130 51 135 52
130 8 136 8
130 13 141 13
130 41 140 41
131 48 134 50
131 30 140 30
131 42 142 42
131 58 142 58
132 9 137 10
132 21 143 21
132 22 143 22
132 25 142 25
132 26 143 26
132 27 143 27
132 28 143 28
133 4 137 5
133 2 144 2
133 17 139 17
134 34 137 36
134 3 144 3
134 14 145 14
134 38 145 38
134 43 145 43
134 53 145 53
134 57 141 57
135 44 138 45
135 20 143 20
135 23 146 23
135 29 140 29
135 33 146 33
135 39 144 39
135 48 143 48
135 50 146 50
136 51 137 52
136 18 147 18
136 55 143 55
137 6 140 8
137 31 148 31
137 59 147 59
138 34 141 36
138 4 141 5
138 9 143 10
138 51 141 52
138 19 147 19
138 46 147 46
139 16 148 16
139 40 150 40
139 45 148 45
139 54 150 54
140 17 149 17
140 44 151 44
140 47 148 47
141 0 146 1
141 7 146 8
141 11 146 12
141 29 146 30
141 15 152 15
141 37 152 37
141 41 152 41
141 56 152 56
142 4 143 6
142 51 144 52
142 34 150 34
142 35 153 35
142 57 146 57
143 24 148 25
143 32 154 32
144 20 147 22
144 27 148 28
144 6 155 6
144 48 153 48
144 55 153 55
145 2 148 4
145 51 146 52
145 9 156 9
145 39 150 39
146 13 148 14
146 42 149 43
146 53 155 53
147 11 152 12
147 29 150 30
147 51 152 52
147 57 150 58
147 8 158 8
147 33 157 33
147 50 154 50
148 18 149 23
148 5 159 5
148 46 159 46
148 59 158 59
149 0 150 4
149 24 150 28
149 10 160 10
149 14 160 14
149 16 160 16
149 45 160 45
149 47 154 47
150 17 151 22
150 42 153 43
151 23 152 28
151 0 152 4
151 30 156 31
151 39 156 40
151 34 162 34
151 57 162 57
152 17 153 22
152 44 160 44
153 1 155 4
153 23 155 26
153 51 157 52
153 11 159 11
153 15 164 15
153 28 164 28
153 41 162 41
153 56 164 56
153 58 164 58
154 17 155 22
154 42 155 43
154 48 157 49
154 7 165 7
154 29 165 29
154 37 165 37
154 55 165 55
155 27 166 27
155 32 158 32
155 47 159 47
155 50 163 50
155 54 166 54
156 17 159 19
156 35 161 36
156 42 160 43
156 1 167 1
156 2 163 2
156 4 166 4
156 22 167 22
156 23 167 23
156 25 163 25
156 53 167 53
157 12 168 12
157 31 168 31
157 40 168 40
158 48 159 49
158 51 161 52
158 13 169 13
158 33 166 33
159 8 170 8
159 32 166 32
159 59 170 59
160 17 163 19
160 5 163 6
160 47 164 48
160 11 170 11
160 46 171 46
161 38 166 39
161 43 165 44
161 10 167 10
161 14 172 14
162 20 167 21
162 9 173 9
162 36 173 36
162 51 173 51
162 52 173 52
163 34 168 35
163 41 174 41
164 2 169 3
164 24 169 25
164 5 174 5
164 45 175 45
164 50 175 50
165 15 167 18
165 48 170 49
165 56 170 57
165 28 171 28
165 58 176 58
166 42 169 44
166 7 174 7
167 32 171 33
167 4 178 4
167 37 178 37
167 39 176 39
167 47 178 47
167 54 178 54
168 15 168 23
168 1 179 1
168 10 173 10
168 27 179 27
168 55 179 55
169 18 174 19
169 15 179 15
169 20 179 20
169 35 179 35
169 40 176 40
170 29 173 31
170 25 179 25
170 43 179 43
171 11 176 12
171 22 176 23
171 48 176 49
172 16 177 17
172 28 175 28
172 32 179 32
174 8 177 10
174 51 177 53
175 5 178 7
176 28 179 30
177 38 178 42
177 56 179 59
