668
155 57 158 59
104 36 104 47
144 48 146 51
33 9 35 12
174 15 179 16
110 39 121 39
123 34 123 45
82 23 87 24
119 47 130 47
168 48 179 48
49 40 50 45
149 46 160 46
43 39 48 40
42 21 47 22
35 35 46 35
56 11 61 12
63 6 74 6
30 49 33 51
82 9 83 14
155 48 166 48
61 41 66 42
19 56 30 56
78 41 80 44
0 40 5 41
8 52 8 59
16 7 21 8
21 57 32 57
142 7 153 7
26 9 31 10
70 39 81 39
97 18 108 18
95 49 100 50
5 32 6 37
9 7 9 18
70 11 75 12
23 32 23 43
98 27 109 27
16 2 27 2
1 24 1 35
36 10 37 15
86 42 97 42
65 17 68 19
46 49 48 52
174 32 175 37
140 4 140 15
122 19 133 19
30 14 32 17
156 43 161 44
14 53 25 53
45 4 46 9
119 43 130 43
27 23 28 28
167 11 178 11
146 42 147 47
156 51 161 52
105 5 106 10
82 28 93 28
82 47 82 58
99 24 110 24
139 53 150 53
54 0 57 2
127 31 132 32
91 14 92 19
79 20 90 20
78 29 79 34
104 48 115 48
107 39 109 42
95 17 106 17
94 8 97 10
144 17 144 28
85 53 86 58
39 37 40 42
145 39 148 41
106 32 108 35
45 33 56 33
122 30 124 33
55 50 56 55
120 21 131 21
137 45 142 46
113 8 124 8
49 15 54 16
156 25 156 36
168 9 179 9
43 23 44 28
11 37 16 38
123 54 134 54
144 35 144 46
70 25 71 30
86 53 97 53
117 17 122 18
162 54 173 54
150 29 150 38
69 34 69 45
36 2 39 4
70 44 75 45
114 52 125 52
28 53 39 53
63 28 63 39
111 42 114 44
93 25 98 26
76 14 87 14
166 30 168 33
88 41 89 46
111 33 113 36
35 16 46 16
24 17 25 22
168 27 173 28
131 41 131 52
137 13 138 18
77 15 82 16
125 15 136 15
117 32 120 34
110 46 121 46
72 6 83 6
173 54 178 55
136 50 136 59
26 5 31 6
57 40 58 45
5 41 7 44
42 47 47 48
142 26 144 29
116 22 119 24
131 36 133 39
2 26 2 37
13 1 24 1
62 14 73 14
159 16 159 26
87 25 92 26
132 44 143 44
105 43 110 44
23 12 23 23
70 30 70 41
149 3 154 4
22 7 23 12
40 20 51 20
73 15 74 20
50 9 61 9
11 19 12 24
75 18 76 23
134 19 136 22
62 50 63 55
143 32 146 34
46 42 47 47
101 36 101 47
100 26 111 26
80 25 80 36
75 53 76 58
56 20 67 20
154 5 165 5
124 25 135 25
172 12 172 23
32 31 37 32
12 47 23 47
123 51 126 53
116 0 121 1
125 8 136 8
45 36 55 36
92 33 92 44
35 0 46 0
166 15 169 17
33 0 35 3
88 54 93 55
99 56 110 56
77 45 77 55
59 23 62 25
99 7 101 10
176 42 178 45
152 32 152 43
38 6 43 7
111 49 111 59
70 8 73 10
32 54 35 56
68 59 79 59
11 44 22 44
86 38 89 40
176 24 176 35
163 15 163 26
43 42 45 45
105 13 116 13
168 55 170 58
178 36 179 41
109 5 111 8
74 33 75 38
49 3 60 3
77 27 77 38
142 39 143 43
111 18 116 19
10 11 21 11
55 27 56 32
44 13 49 14
43 34 54 34
105 33 105 43
0 46 11 46
55 5 60 6
26 36 37 36
166 41 177 41
148 47 149 52
126 9 131 10
58 47 58 58
163 25 164 30
55 10 55 21
123 59 134 59
39 24 39 34
149 16 149 27
93 30 104 30
45 50 45 59
159 11 162 13
151 13 151 24
35 23 38 25
17 16 20 18
106 58 117 58
27 11 28 16
9 49 9 59
14 49 25 49
24 41 35 41
117 15 122 16
148 34 149 39
84 30 86 33
155 4 166 4
14 32 17 34
29 58 34 59
24 5 25 10
94 33 97 35
163 2 168 3
160 29 160 39
94 13 94 24
26 54 31 55
8 47 8 55
94 13 105 13
157 9 157 20
99 32 99 43
140 0 143 2
49 46 49 57
147 23 148 28
83 59 94 59
58 46 69 46
69 4 74 5
12 35 17 36
45 24 56 24
46 29 48 32
134 41 139 42
136 6 138 9
64 0 67 2
9 57 20 57
162 10 173 10
125 6 125 17
6 49 7 54
144 12 149 13
113 29 113 40
87 31 92 32
167 7 178 7
7 28 18 28
108 1 113 2
28 7 33 8
34 5 37 7
55 17 60 18
138 57 143 58
24 37 27 39
89 1 100 1
7 33 10 35
129 12 140 12
56 38 61 39
20 32 20 43
109 15 114 16
0 15 3 17
151 53 162 53
2 0 2 11
149 44 154 45
88 34 90 37
138 47 139 52
164 43 167 45
7 10 7 21
167 23 178 23
42 49 43 54
100 19 103 21
75 1 80 2
157 29 158 34
101 51 106 52
134 30 145 30
95 15 100 16
150 47 154 48
51 32 62 32
41 10 52 10
126 2 127 7
153 18 154 23
84 4 86 7
146 15 146 26
0 19 1 24
19 30 19 41
124 55 135 55
13 0 24 0
6 54 7 59
167 58 178 58
26 48 37 48
0 45 11 45
171 0 174 2
0 38 11 38
82 39 87 40
132 1 133 6
146 39 151 40
58 26 69 26
0 47 5 48
167 24 170 26
49 5 54 6
165 11 165 22
45 1 48 3
15 54 18 56
36 37 38 40
139 10 139 21
100 59 111 59
3 20 3 31
12 46 23 46
170 3 175 4
42 24 42 35
137 20 140 22
83 43 86 45
159 50 170 50
127 50 130 52
158 15 158 26
2 50 3 55
103 47 114 47
87 24 98 24
162 46 173 46
5 2 5 13
119 9 121 12
154 6 154 17
29 24 29 35
36 17 47 17
155 15 155 26
60 37 61 42
52 57 57 58
52 50 53 55
163 36 165 39
94 58 105 58
65 35 67 38
134 0 137 2
119 48 130 48
104 0 104 11
79 51 80 56
34 16 35 21
94 45 97 47
9 19 10 24
114 55 125 55
94 28 105 28
162 18 162 29
18 59 29 59
88 8 88 19
90 43 93 45
112 5 123 5
145 14 145 25
119 28 130 28
81 28 81 39
56 41 56 50
8 42 10 45
141 9 152 9
10 53 10 59
120 44 125 45
118 25 123 26
93 8 93 19
47 4 58 4
161 59 172 59
65 56 70 57
76 11 79 13
111 37 116 38
128 35 129 40
139 55 150 55
98 53 101 55
60 3 71 3
83 3 94 3
166 20 166 31
160 22 161 27
114 24 115 29
179 20 179 31
31 22 31 33
115 57 126 57
113 51 113 59
57 34 62 35
116 47 118 50
115 42 118 44
81 2 92 2
167 20 170 22
110 20 121 20
0 7 1 12
51 26 54 28
69 17 71 20
48 17 51 19
160 51 160 59
122 20 133 20
100 49 111 49
4 9 4 20
64 27 66 30
76 40 77 44
67 49 72 50
4 26 15 26
6 29 17 29
65 48 76 48
4 56 6 59
137 34 142 35
115 10 118 12
18 31 18 42
15 2 16 7
77 54 78 59
13 13 18 14
125 17 136 17
68 0 79 0
90 57 101 57
100 32 102 35
146 56 148 59
64 50 65 55
144 2 155 2
134 29 135 34
32 19 33 24
135 5 135 14
125 18 136 18
13 41 18 42
57 21 58 26
6 4 7 9
154 31 155 36
153 40 155 43
126 35 127 40
73 28 73 39
76 8 87 8
71 52 72 57
83 47 83 58
167 35 169 38
12 9 23 9
26 21 26 32
12 51 13 56
130 1 131 6
122 0 125 2
149 50 158 50
40 22 40 33
166 40 177 40
19 19 19 30
78 46 79 51
37 44 39 47
117 13 122 14
98 33 98 44
152 19 152 30
89 11 89 22
103 1 103 12
161 57 166 58
52 20 55 22
19 54 30 54
8 17 8 25
63 4 68 5
83 29 83 40
155 7 160 8
141 15 141 26
66 11 69 13
95 51 100 52
166 12 169 14
117 6 122 7
140 47 143 49
74 9 79 10
147 16 147 26
10 6 11 11
32 28 37 29
41 56 43 59
38 11 40 14
11 45 22 45
125 45 130 46
72 51 77 52
107 3 108 8
82 41 87 42
40 45 40 56
161 32 163 35
60 21 71 21
134 3 145 3
151 56 153 59
126 11 128 14
120 35 122 38
174 46 179 47
123 13 124 18
174 49 179 50
36 20 39 22
157 1 162 2
166 51 169 53
46 15 51 16
49 29 54 30
141 4 146 5
33 43 44 43
91 46 93 49
135 25 146 25
93 37 95 40
67 52 70 54
133 40 134 45
171 50 173 53
5 13 5 24
67 39 68 44
88 6 99 6
32 33 37 34
81 25 86 26
99 50 110 50
17 2 18 7
76 22 81 23
96 29 107 29
96 20 99 22
142 11 153 11
21 52 32 52
166 39 177 39
60 40 71 40
59 27 61 30
132 30 133 35
23 4 34 4
133 59 144 59
110 27 110 38
0 49 0 59
90 9 92 12
168 20 179 20
124 40 127 42
82 29 82 40
176 2 178 5
40 3 45 4
3 2 3 13
99 25 110 25
60 43 65 44
64 7 65 12
41 36 42 41
179 49 179 59
23 42 28 43
137 48 137 59
155 41 166 41
76 37 81 38
6 2 11 3
35 50 38 52
26 49 29 51
119 41 122 43
88 19 93 20
50 52 51 57
137 31 148 31
134 48 135 53
138 54 149 54
11 10 22 10
100 22 111 22
160 14 160 25
125 29 126 34
51 44 53 47
58 45 69 45
138 52 149 52
123 0 134 0
66 7 68 10
144 0 155 0
47 5 48 10
28 38 31 40
55 35 55 46
87 53 87 59
104 20 109 21
48 43 48 54
49 19 60 19
11 46 11 57
161 6 166 7
48 1 53 2
48 25 50 28
12 58 17 59
59 55 64 56
54 13 65 13
8 6 8 17
21 12 21 23
73 25 78 26
130 13 135 14
112 9 114 12
21 30 26 31
136 28 141 29
127 56 129 59
155 47 166 47
17 50 22 51
142 19 143 24
67 30 69 33
12 7 15 9
165 25 165 36
5 36 10 37
38 8 43 9
156 49 167 49
87 56 98 56
4 30 4 41
148 41 151 43
151 25 151 36
77 18 79 21
84 47 84 58
174 25 175 30
61 15 72 15
95 38 97 41
71 40 73 43
33 5 44 5
90 21 93 23
114 53 119 54
111 59 122 59
163 0 168 1
30 19 30 30
116 50 121 51
61 16 63 19
140 37 141 42
170 44 175 45
103 3 106 5
68 1 73 2
124 34 124 45
70 46 75 47
169 5 174 6
101 1 102 6
92 11 103 11
175 51 178 53
129 26 140 26
150 51 155 52
73 53 74 58
15 20 18 22
144 29 149 30
31 42 32 47
177 21 178 26
165 8 170 9
99 55 110 55
159 24 159 35
91 50 94 52
47 37 52 38
130 57 135 58
83 34 85 37
0 42 3 44
153 25 155 28
147 5 152 6
149 25 150 30
25 37 36 37
69 7 80 7
80 17 83 19
170 29 172 32
162 55 167 56
44 0 55 0
106 14 108 17
153 31 153 42
144 1 155 1
74 27 75 32
86 46 87 51
57 28 58 33
90 38 91 43
113 1 115 4
11 24 16 25
120 6 125 7
144 43 145 48
28 0 31 2
100 46 111 46
156 54 159 56
48 31 53 32
151 15 153 18
37 18 42 19
155 9 156 14
111 27 112 32
101 57 112 57
11 16 14 18
51 36 62 36
94 43 99 44
156 40 167 40
0 12 3 14
95 23 106 23
148 15 148 26
0 1 1 6
41 12 43 15
93 31 104 31
126 23 131 24
143 56 145 59
115 14 116 19
43 36 46 38
62 58 67 59
7 0 12 1
134 35 135 40
23 23 24 28
70 24 81 24
62 6 63 11
1 56 3 59
4 50 5 55
